$SPEC_ID:
Real time = 43200, Live time = 42924.56
$SPEC_REM:
DET# 1
DETDESC# ADMIN-PC 92X
AP# Maestro Version 7.01
$DATE_MEA:
10/29/2024 16:29:22
$MEAS_TIM:
42924 43200
$DATA:
0 1023
       0
       0
       0
       0
       0
       0
       0
       0
       0
       0
       1
   20679
   23559
   25461
   28172
   30520
   32164
   32376
   32707
   34114
   35915
   38746
   42860
   47054
   51125
   55364
   61911
   68928
   76911
   85416
   93701
  101819
  109648
  118229
  126743
  137592
  145788
  151260
  150364
  149562
  151171
  153275
  155295
  155326
  153489
  152061
  150271
  150406
  148510
  148529
  147503
  146435
  145274
  144202
  143418
  142194
  140891
  138889
  137720
  134716
  133195
  130313
  127611
  125116
  123678
  120642
  118169
  116089
  112909
  111114
  109337
  106806
  106059
  103181
  101409
  100447
   99829
   98322
   96131
   94213
   92049
   90276
   89135
   86844
   86080
   85143
   83453
   82610
   81817
   81716
   82592
   83063
   84082
   85258
   84790
   83539
   81353
   77475
   73563
   68848
   65032
   61553
   59038
   57325
   55853
   54563
   53850
   53209
   52780
   52378
   51891
   51065
   50453
   50133
   48577
   47405
   45814
   44138
   42759
   41668
   40877
   40655
   40631
   40976
   41240
   41473
   42436
   42525
   42923
   42252
   41416
   40589
   38492
   36569
   34264
   32183
   30760
   28848
   27767
   26890
   26278
   25774
   25286
   25107
   24663
   24555
   24118
   23865
   23365
   23178
   22566
   22415
   22388
   22009
   21596
   21489
   21227
   21329
   21040
   20672
   20453
   20669
   20399
   20189
   19943
   19893
   19509
   19474
   19714
   19474
   19658
   19885
   19412
   19452
   19405
   19337
   19042
   18609
   18074
   17773
   17641
   17075
   17198
   17117
   16946
   17278
   17689
   18305
   18763
   19264
   20153
   20633
   21392
   21804
   22794
   22713
   23216
   22901
   22408
   21638
   21194
   20197
   19167
   18366
   17168
   16160
   15023
   14359
   13719
   13555
   12991
   12773
   12550
   12409
   12267
   12241
   12060
   11896
   11910
   11517
   11657
   11278
   11454
   11410
   11263
   11545
   11587
   11490
   11394
   11619
   11479
   11498
   11472
   11475
   11274
   11280
   11339
   11309
   11416
   11230
   11367
   11180
   10775
   10573
   10611
   10288
   10140
   10090
    9922
    9853
    9777
    9671
    9565
    9575
    9775
    9622
    9725
   10045
    9899
    9966
   10134
   10219
   10547
   10743
   10803
   11200
   11338
   11367
   11298
   11528
   11567
   11353
   11429
   11237
   11117
   11114
   10930
   10917
   10868
   10780
   10567
   10342
   10165
    9755
    9523
    9229
    8733
    8515
    8136
    7875
    7899
    7740
    7884
    7533
    7561
    7734
    7553
    7761
    7846
    8036
    8220
    8335
    8256
    8514
    8709
    9084
    9181
    9178
    9225
    9347
    9428
    9338
    9090
    9170
    8696
    8668
    8576
    8190
    8101
    7956
    7671
    7460
    7287
    7197
    6798
    6852
    6584
    6574
    6327
    6065
    6000
    5819
    5479
    5586
    5419
    5275
    5243
    5059
    5053
    4909
    4744
    4792
    4717
    4551
    4509
    4260
    4333
    4218
    4207
    4203
    4133
    4267
    4262
    4334
    4503
    4749
    4936
    5262
    5893
    6296
    7172
    7806
    8785
    9852
   11196
   12465
   13285
   14689
   15903
   17027
   18024
   18734
   19303
   19472
   18943
   18429
   17587
   16455
   14782
   13035
   11359
    9888
    8164
    6733
    5476
    4494
    3748
    3096
    2692
    2332
    2060
    1892
    1864
    1739
    1833
    1690
    1688
    1722
    1683
    1646
    1638
    1543
    1610
    1556
    1500
    1449
    1439
    1427
    1449
    1463
    1434
    1503
    1538
    1577
    1680
    1707
    1801
    1854
    1933
    1993
    2063
    1994
    2037
    2213
    2165
    2072
    2082
    2022
    1966
    1827
    1712
    1719
    1540
    1469
    1391
    1334
    1248
    1183
    1105
     980
    1023
    1008
    1020
     945
     928
     834
     864
     886
     798
     771
     792
     800
     760
     739
     783
     713
     731
     731
     761
     716
     757
     733
     722
     702
     753
     726
     738
     788
     825
     818
     853
     931
     944
    1026
    1038
    1025
    1079
    1139
    1197
    1201
    1231
    1241
    1247
    1307
    1295
    1255
    1217
    1302
    1216
    1257
    1161
    1170
    1175
    1098
    1140
    1059
    1098
     987
    1014
     954
     932
     906
     885
     852
     816
     755
     764
     748
     700
     693
     649
     628
     620
     581
     534
     548
     555
     522
     504
     474
     464
     429
     404
     442
     405
     404
     413
     374
     395
     391
     408
     444
     450
     459
     511
     503
     613
     649
     681
     780
     811
     894
    1013
    1064
    1206
    1299
    1394
    1500
    1530
    1561
    1544
    1663
    1671
    1661
    1525
    1499
    1462
    1294
    1193
    1047
     957
     792
     643
     554
     481
     381
     304
     207
     175
     145
     112
      91
      71
      57
      50
      39
      39
      43
      29
      45
      47
      36
      26
      37
      29
      35
      29
      31
      26
      32
      33
      42
      37
      40
      35
      28
      32
      31
      44
      34
      35
      33
      42
      34
      31
      33
      31
      12
      36
      34
      27
      37
      41
      36
      33
      27
      23
      32
      27
      36
      31
      29
      29
      28
      35
      38
      28
      30
      23
      31
      34
      28
      26
      31
      31
      34
      31
      21
      24
      31
      18
      22
      39
      29
      35
      28
      21
      21
      40
      25
      20
      17
      17
      14
      32
      19
      33
      24
      27
      30
      25
      22
      24
      27
      26
      34
      31
      32
      28
      29
      30
      22
      41
      32
      28
      24
      24
      21
      35
      33
      29
      26
      24
      22
      28
      19
      23
      26
      28
      17
      35
      24
      23
      23
      22
      16
      27
      44
      28
      26
      30
      18
      21
      17
      29
      31
      20
      28
      30
      19
      34
      25
      20
      30
      31
      16
      20
      17
      26
      24
      26
      28
      20
      31
      28
      27
      24
      32
      28
      31
      28
      16
      30
      19
      21
      30
      25
      31
      23
      20
      28
      22
      30
      22
      20
      18
      25
      30
      28
      29
      19
      21
      17
      31
      24
      26
      19
      19
      40
      20
      25
      20
      21
      26
      28
      33
      20
      27
      22
      30
      29
      28
      20
      22
      22
      25
      20
      24
      29
      16
      22
      25
      26
      20
      24
      19
      25
      24
      21
      20
      23
      28
      28
      19
      26
      32
      22
      23
      19
      15
      29
      22
      22
      19
      23
      23
      22
      18
      18
      28
      19
      31
      19
      24
      20
      25
      21
      21
      18
      25
      21
      30
      39
      28
      21
      22
      24
      28
      26
      30
      25
      33
      21
      30
      31
      28
      27
      19
      29
      23
      21
      20
      16
      24
      23
      17
      22
      21
      24
      29
      19
      14
      30
      18
      26
      20
      29
      20
      28
      23
      26
      22
      25
      23
      30
      16
      23
      23
      22
      26
      35
      32
      31
      16
      22
      27
      28
      20
      19
      33
      32
      21
      27
      24
      30
      28
      24
      28
      17
      12
      23
      24
      17
      26
      19
      26
      14
      25
      19
      27
      20
      16
      18
      25
      26
      29
      21
      20
      22
      15
      27
      38
      25
      26
      22
      22
      19
      25
      17
      23
      29
      30
      24
      19
      18
      21
      21
      16
      21
      19
      23
      31
      24
      19
      22
      31
      22
      22
      17
      23
      23
      25
      24
      12
      22
      19
      29
      20
      19
      21
      24
      26
      20
      28
      21
      26
      21
      19
      30
      23
      26
      24
      19
      18
      27
      31
      28
      16
      15
      25
      25
      20
      19
      25
      22
      24
      24
      27
      27
      27
      27
      18
      19
      26
      19
      20
      20
      24
      19
      25
      24
      24
      29
      22
      26
      21
      18
      21
      19
      25
      15
      18
      24
      27
      17
      39
      21
      26
      68
      55
      60
      64
      62
      52
      63
      51
      40
      41
      41
      36
      41
      35
      38
      37
$ROI:
1
580 580
$PRESETS:
Real Time
43200
0
$ENER_FIT:
0.000000 0.000000
$MCA_CAL:
3
0.000000E+000 0.000000E+000 0.000000E+000 
$SHAPE_CAL:
3
0.000000E+000 0.000000E+000 0.000000E+000
