$SPEC_ID:
Real time = 43200, Live time = 42900.28
$SPEC_REM:
DET# 1
DETDESC# ADMIN-PC 92X
AP# Maestro Version 7.01
$DATE_MEA:
10/29/2024 16:13:52
$MEAS_TIM:
278 290
$DATA:
0 1023
       0
       0
       0
       0
       0
       0
       0
       0
       0
       0
       0
     675
     824
     864
     949
     922
     934
     953
     921
     943
     934
     911
     943
     977
    1075
    1073
    1076
    1211
    1259
    1331
    1349
    1472
    1502
    1589
    1692
    1731
    1734
    1767
    1894
    1779
    1785
    1916
    1850
    1854
    1733
    1888
    1930
    1939
    1788
    1786
    1805
    1707
    1822
    1810
    1726
    1710
    1729
    1798
    1790
    1784
    1697
    1628
    1678
    1650
    1609
    1659
    1670
    1621
    1600
    1577
    1570
    1519
    1598
    1548
    1541
    1526
    1592
    1593
    1568
    1583
    1666
    1585
    1591
    1623
    1725
    1740
    1837
    1952
    1922
    1938
    2108
    2028
    2104
    2029
    1966
    1964
    1862
    1750
    1661
    1606
    1514
    1415
    1393
    1362
    1304
    1270
    1238
    1206
    1161
    1171
    1165
    1091
    1112
    1050
    1051
    1020
    1019
     995
     948
     977
     934
    1002
     940
    1006
     926
     982
    1018
     952
     986
     930
     997
     977
     922
     859
     866
     852
     859
     855
     903
     788
     846
     811
     835
     824
     765
     830
     817
     770
     782
     796
     749
     804
     833
     799
     796
     801
     865
     822
     848
     810
     780
     836
     764
     767
     833
     830
     845
     852
     874
     837
     904
     904
     876
     940
     946
     914
     866
     883
     778
     830
     852
     772
     857
     847
     817
     791
     798
     861
     801
     796
     819
     826
     851
     799
     887
     862
     846
     858
     885
     934
     842
     808
     827
     832
     801
     825
     888
     840
     843
     823
     815
     814
     840
     838
     826
     880
     864
     824
     850
     808
     889
     848
     846
     872
     842
     825
     865
     898
     904
     878
     905
     899
     864
     841
     919
     887
     919
     879
     918
     948
     933
     918
     926
     925
     952
     922
     905
     949
     913
     941
     980
     961
     974
    1012
    1026
     997
    1068
    1026
    1076
    1056
    1050
    1050
    1079
    1070
    1124
    1063
    1075
    1011
    1068
    1092
    1075
    1084
    1082
    1130
    1075
    1101
    1092
    1170
    1108
    1095
    1100
    1085
    1132
    1153
    1226
    1152
    1108
    1142
    1202
    1181
    1208
    1132
    1164
    1169
    1174
    1248
    1197
    1214
    1260
    1226
    1267
    1272
    1240
    1184
    1267
    1221
    1258
    1167
    1143
    1063
    1074
    1076
     979
     972
     932
     868
     784
     755
     714
     743
     756
     695
     656
     674
     613
     549
     558
     623
     602
     631
     605
     597
     633
     648
     610
     685
     698
     710
     835
     921
    1031
    1163
    1330
    1582
    1779
    2215
    2392
    2850
    3205
    3614
    4137
    4474
    4947
    5047
    5430
    5441
    5329
    5257
    4872
    4405
    3831
    3503
    2839
    2359
    1917
    1530
    1209
     969
     825
     669
     561
     500
     511
     437
     411
     416
     419
     370
     340
     371
     368
     371
     342
     370
     336
     318
     345
     343
     367
     348
     344
     373
     332
     365
     378
     379
     386
     360
     394
     399
     446
     407
     379
     461
     436
     437
     491
     478
     478
     533
     575
     618
     635
     604
     676
     657
     686
     652
     620
     667
     638
     651
     621
     612
     610
     574
     572
     535
     531
     528
     481
     527
     482
     496
     509
     485
     516
     505
     499
     555
     547
     532
     516
     502
     497
     507
     547
     551
     557
     557
     561
     540
     544
     558
     564
     525
     543
     518
     584
     551
     566
     521
     560
     557
     587
     543
     556
     593
     579
     567
     558
     623
     601
     577
     571
     602
     572
     585
     597
     666
     654
     640
     664
     608
     662
     746
     720
     769
     794
     819
     896
     915
     998
    1076
    1116
    1116
    1195
    1216
    1224
    1348
    1289
    1294
    1229
    1221
    1192
    1126
    1075
     965
     988
     976
     904
     901
     894
     842
     825
     827
     867
     818
     796
     771
     822
     818
     796
     782
     823
     781
     753
     704
     727
     686
     702
     660
     636
     665
     596
     621
     608
     560
     519
     485
     483
     479
     409
     457
     411
     391
     353
     412
     456
     450
     507
     582
     609
     688
     777
     837
     944
    1035
    1124
    1231
    1478
    1588
    1697
    1882
    1943
    2039
    2138
    2144
    2191
    2101
    2070
    1920
    1823
    1627
    1517
    1375
    1185
    1018
     853
     712
     492
     361
     285
     246
     179
     114
      91
      60
      51
      34
      26
      30
      13
       9
      12
      11
       9
      16
      15
      22
      15
      10
      12
      15
       9
      16
      14
      15
      14
      17
      13
       8
      16
      18
      14
      10
      17
      11
      15
      12
      13
       9
      10
      19
      15
      19
       8
      20
      19
      11
      12
      13
      14
      18
      13
      15
      13
      11
       9
       9
      12
      10
      10
       9
      16
      10
      14
      11
      14
       5
       8
       8
       6
       9
      13
       7
       9
      16
      10
       6
       5
       4
      11
       6
      11
       5
      11
      15
      14
      14
      10
      19
       9
       6
       7
      12
      14
      11
      10
       7
      13
      10
      10
      13
      11
      10
      10
      10
      11
      12
      11
      13
       9
       9
       9
      12
       8
       9
       8
      15
       8
      13
       7
       9
       7
       9
       9
       8
       3
       8
      11
      11
       7
       5
       7
       4
       5
       5
       7
       9
       4
      10
       7
      12
       9
      10
       7
       9
       7
       3
      15
      10
      12
       6
       7
      14
       9
      15
       8
       7
       7
       7
       8
       5
       4
       6
       7
       6
       4
       4
       2
       2
       7
       3
       2
       0
       2
       3
       2
       3
       2
       2
       1
       2
       5
       2
       3
       2
       3
       2
       0
       0
       3
       3
       1
       1
       2
       3
       1
       0
       2
       0
       4
       2
       4
       1
       2
       1
       1
       1
       2
       3
       2
       3
       1
       5
       1
       4
       0
       3
       1
       2
       4
       2
       0
       0
       1
       2
       0
       1
       4
       1
       2
       3
       1
       0
       2
       4
       1
       0
       0
       1
       1
       1
       0
       0
       1
       0
       0
       0
       2
       0
       1
       1
       0
       1
       1
       1
       0
       2
       1
       0
       0
       0
       2
       0
       1
       2
       1
       1
       1
       0
       1
       0
       0
       2
       1
       0
       3
       0
       0
       1
       0
       1
       1
       0
       1
       0
       0
       1
       0
       0
       0
       0
       1
       0
       0
       0
       0
       3
       0
       1
       2
       0
       0
       1
       0
       1
       1
       1
       0
       1
       0
       0
       0
       1
       2
       1
       2
       1
       0
       1
       2
       1
       1
       3
       0
       0
       0
       1
       0
       0
       1
       1
       1
       1
       0
       1
       1
       0
       2
       1
       1
       0
       0
       0
       0
       1
       0
       1
       1
       0
       2
       1
       0
       1
       0
       0
       0
       0
       1
       0
       0
       0
       1
       0
       0
       0
       1
       0
       0
       0
       2
       0
       1
       0
       3
       0
       1
       2
       0
       2
       0
       0
       1
       0
       0
       0
       0
       0
       0
       2
       0
       1
       0
       0
       1
       0
       1
       0
       0
       0
       0
       0
       0
       0
       0
       0
       0
       0
       0
       0
       0
       0
       0
       1
       0
       0
       0
       0
       0
       0
       0
       0
       0
       0
       1
       0
       0
       1
       0
       1
       0
       1
       0
       0
       0
       0
       0
       0
       1
       1
       1
       1
$ROI:
4
334 369
406 431
481 516
552 580
$PRESETS:
Real Time
43200
0
$ENER_FIT:
0.000000 0.000000
$MCA_CAL:
3
0.000000E+000 0.000000E+000 0.000000E+000 
$SHAPE_CAL:
3
0.000000E+000 0.000000E+000 0.000000E+000
